start=1349.936644
volume=70.000000
