start=1362.944922
volume=50.000000
fullscreen=yes
