start=1337.023667
volume=85.000000
