start=1267.724789
volume=50.000000
fullscreen=yes
