start=1332.602589
volume=62.000000
fullscreen=yes
