start=1402.109044
volume=70.000000
fullscreen=yes
