start=1318.317000
volume=55.000000
fullscreen=yes
