start=1335.188500
volume=95.000000
