start=1331.017667
pause=yes
volume=80.000000
sub-pos=99
