start=1390.514122
volume=50.000000
fullscreen=yes
