start=1439.729958
volume=60.000000
fullscreen=yes
