start=1328.785789
volume=60.000000
fullscreen=yes
