start=1334.333000
volume=65.000000
fullscreen=yes
