start=258.007756
pause=yes
volume=70.000000
