start=1398.355289
volume=45.000000
fullscreen=yes
