start=1314.313000
volume=50.000000
fullscreen=yes
