start=1387.844789
volume=50.000000
fullscreen=yes
