start=1294.126167
volume=45.000000
fullscreen=yes
