start=1345.015056
pause=yes
volume=84.000000
