start=1327.576256
volume=55.000000
fullscreen=yes
