start=5431.676250
volume=80.000000
fullscreen=yes
