start=1393.600544
volume=50.000000
fullscreen=yes
