start=1441.711589
volume=45.000000
fullscreen=yes
