start=1394.976922
volume=55.000000
fullscreen=yes
