start=1334.041000
volume=90.000000
