start=1357.565900
volume=35.000000
fullscreen=yes
