start=1398.271878
volume=50.000000
fullscreen=yes
