start=1392.766378
volume=55.000000
fullscreen=yes
