start=1331.204878
volume=56.000000
