start=1345.473844
volume=80.000000
