start=1352.351000
volume=70.000000
sid=no
