start=1362.861500
volume=50.000000
fullscreen=yes
