start=1351.104467
volume=60.000000
