start=1361.026333
volume=55.000000
fullscreen=yes
