start=1398.730667
volume=60.000000
fullscreen=yes
