start=1399.981922
volume=45.000000
fullscreen=yes
