start=1340.339000
volume=55.000000
fullscreen=yes
