start=1332.227211
volume=60.000000
