start=1327.764422
volume=55.000000
