start=1392.682956
volume=55.000000
fullscreen=yes
