start=1328.076756
volume=55.000000
fullscreen=yes
