start=1330.495833
volume=50.000000
fullscreen=yes
