start=1401.233167
volume=50.000000
fullscreen=yes
