start=1336.648289
volume=65.000000
