start=1399.689956
volume=50.000000
fullscreen=yes
