start=1327.160489
volume=55.000000
fullscreen=yes
