start=1317.357711
volume=60.000000
fullscreen=yes
