start=1398.605544
volume=52.000000
fullscreen=yes
