start=1231.568400
volume=65.000000
fullscreen=yes
