start=1336.960000
volume=130.000000
