start=1331.476456
volume=90.000000
fullscreen=yes
