start=1327.826500
volume=45.000000
fullscreen=yes
