start=1266.766000
volume=90.000000
