start=1393.433711
volume=58.000000
fullscreen=yes
