start=485.140844
volume=110.000000
