start=1296.503544
volume=65.000000
fullscreen=yes
