start=1330.120456
volume=62.000000
fullscreen=yes
