start=1358.315289
volume=55.000000
fullscreen=yes
