start=1344.306022
volume=70.000000
