start=1325.615956
volume=65.000000
