start=1402.484422
volume=55.000000
fullscreen=yes
