start=1258.428556
volume=85.000000
