start=116.107000
pause=yes
volume=45.000000
