start=1392.849789
volume=45.000000
fullscreen=yes
