start=1330.558878
volume=75.000000
fullscreen=yes
