start=1439.354583
volume=45.000000
fullscreen=yes
