start=1338.108089
volume=75.000000
fullscreen=yes
