start=1327.909922
volume=65.000000
fullscreen=yes
