start=1323.905922
volume=60.000000
fullscreen=yes
