start=1358.732378
volume=65.000000
fullscreen=yes
