start=1314.271000
pause=yes
volume=75.000000
sub-pos=99
