start=1397.396000
volume=55.000000
fullscreen=yes
