start=1366.782089
volume=60.000000
fullscreen=yes
