start=1398.105044
volume=57.000000
fullscreen=yes
