start=1335.375708
volume=75.000000
