start=1359.149456
volume=47.000000
fullscreen=yes
