start=1397.687956
volume=35.000000
fullscreen=yes
