start=1324.114456
volume=45.000000
fullscreen=yes
