start=1294.668378
pause=yes
volume=55.000000
