start=1327.494156
volume=60.000000
fullscreen=yes
