start=1332.497000
speed=0.909091
volume=112.000000
