start=1316.982333
volume=50.000000
fullscreen=yes
