start=1398.730667
volume=45.000000
fullscreen=yes
