start=1341.928644
volume=95.000000
fullscreen=yes
