start=1437.739783
volume=50.000000
fullscreen=yes
