start=1357.981622
volume=45.000000
fullscreen=yes
