start=1327.659667
volume=75.000000
fullscreen=yes
