start=1358.273589
volume=50.000000
fullscreen=yes
