start=1359.191167
volume=55.000000
fullscreen=yes
