start=1327.909922
volume=60.000000
fullscreen=yes
