start=1333.999000
volume=105.000000
