start=6111.688917
volume=130.000000
