start=1393.309978
volume=40.000000
fullscreen=yes
