start=1392.516122
volume=50.000000
fullscreen=yes
