start=1398.105044
volume=55.000000
fullscreen=yes
