start=1332.435756
volume=75.000000
