start=1368.992622
volume=65.000000
fullscreen=yes
