start=1327.034044
volume=60.000000
fullscreen=yes
