start=1360.864233
volume=70.000000
