start=1328.660667
volume=55.000000
fullscreen=yes
