start=1334.938256
volume=55.000000
