start=1399.147756
volume=55.000000
fullscreen=yes
