start=1403.819089
volume=50.000000
fullscreen=yes
