start=1394.434711
volume=60.000000
fullscreen=yes
