start=1348.351733
volume=55.000000
