start=1398.105044
volume=45.000000
fullscreen=yes
