start=1349.264589
volume=50.000000
fullscreen=yes
