start=1353.148178
volume=95.000000
