start=1345.265311
pause=yes
volume=60.000000
