start=1327.118789
volume=65.000000
fullscreen=yes
