start=1325.657667
volume=75.000000
fullscreen=yes
