start=832.878444
pause=yes
volume=75.000000
