start=1390.722667
volume=50.000000
fullscreen=yes
