start=1396.019622
volume=50.000000
fullscreen=yes
