start=1392.933211
volume=45.000000
fullscreen=yes
