start=1260.217000
volume=80.000000
