start=3717.338625
volume=105.000000
