start=327.957344
pause=yes
volume=85.000000
