start=1330.767422
volume=80.000000
fullscreen=yes
