start=1353.857233
volume=85.000000
