start=1400.023622
volume=55.000000
fullscreen=yes
