start=1305.725811
volume=75.000000
