start=1356.067767
pause=yes
volume=80.000000
