start=1324.364680
volume=60.000000
fullscreen=yes
