start=1367.324289
volume=60.000000
fullscreen=yes
