start=3238.151583
pause=yes
volume=93.000000
gamma=1
