start=1400.190456
volume=45.000000
fullscreen=yes
