start=1438.019917
volume=70.000000
fullscreen=yes
