start=1390.472422
volume=45.000000
fullscreen=yes
