start=1357.898211
volume=60.000000
fullscreen=yes
