start=1358.607256
volume=45.000000
fullscreen=yes
