start=1359.404444
volume=80.000000
