start=1399.523122
volume=50.000000
fullscreen=yes
