start=1317.024044
volume=45.000000
fullscreen=yes
