start=1358.940922
volume=55.000000
fullscreen=yes
