start=1316.440122
volume=52.000000
fullscreen=yes
