start=1347.434144
volume=60.000000
