start=1338.420422
volume=45.000000
fullscreen=yes
