start=1348.143178
volume=70.000000
