start=1360.400711
volume=50.000000
fullscreen=yes
