start=1288.287000
pause=yes
volume=85.000000
