start=1352.977978
volume=67.000000
fullscreen=yes
