start=1358.273589
volume=65.000000
fullscreen=yes
