start=1398.188456
volume=50.000000
fullscreen=yes
