start=1386.301589
volume=50.000000
fullscreen=yes
