start=1329.369711
volume=65.000000
fullscreen=yes
