start=1347.554000
volume=95.000000
