start=1331.976956
volume=90.000000
fullscreen=yes
