start=1358.273589
volume=59.000000
fullscreen=yes
