start=1364.863500
volume=50.000000
fullscreen=yes
