start=1391.723667
volume=55.000000
fullscreen=yes
