start=1329.766422
volume=55.000000
fullscreen=yes
