start=1388.387000
volume=50.000000
fullscreen=yes
