start=3999.704042
volume=120.000000
fullscreen=yes
