start=1358.774089
volume=40.000000
fullscreen=yes
