start=1394.436100
volume=55.000000
fullscreen=yes
