start=1358.231878
volume=55.000000
fullscreen=yes
