start=1333.166500
volume=40.000000
fullscreen=yes
