start=734.674000
pause=yes
volume=104.000000
