start=1258.090167
volume=60.000000
fullscreen=yes
