start=1396.770378
volume=45.000000
fullscreen=yes
