start=1384.299589
volume=55.000000
fullscreen=yes
