start=1394.893500
volume=65.000000
fullscreen=yes
