start=1399.314589
volume=47.000000
fullscreen=yes
