start=3644.974667
volume=90.000000
fullscreen=yes
