start=3646.601292
volume=90.000000
fullscreen=yes
