start=8285.902625
pause=yes
volume=55.000000
