start=1397.480811
volume=55.000000
fullscreen=yes
