start=1408.323589
volume=65.000000
fullscreen=yes
