start=1337.257311
volume=75.000000
fullscreen=yes
