start=1317.274289
volume=60.000000
fullscreen=yes
