start=1396.269878
volume=60.000000
fullscreen=yes
