start=18.855750
sub-delay=0.000000
