start=1336.523167
volume=75.000000
