start=1390.389000
volume=55.000000
fullscreen=yes
