start=1358.231878
volume=40.000000
fullscreen=yes
