start=1358.690667
volume=45.000000
fullscreen=yes
