start=1356.480122
volume=55.000000
fullscreen=yes
