start=1316.523544
volume=45.000000
fullscreen=yes
