start=1327.701378
volume=60.000000
fullscreen=yes
