start=1358.940922
volume=45.000000
fullscreen=yes
