start=1353.148178
volume=90.000000
