start=1332.080000
volume=90.000000
