start=1402.692956
volume=35.000000
fullscreen=yes
