start=1352.439144
volume=85.000000
