start=1400.399000
volume=50.000000
fullscreen=yes
