start=1316.732089
volume=50.000000
fullscreen=yes
