start=1362.903211
volume=55.000000
fullscreen=yes
