start=1358.065000
volume=110.000000
sid=no
sub-delay=-0.000000
