start=1404.277878
volume=60.000000
fullscreen=yes
