start=1331.309622
volume=75.000000
