start=1340.130456
volume=65.000000
fullscreen=yes
