start=1369.076044
volume=45.000000
fullscreen=yes
