start=1325.178500
volume=75.000000
fullscreen=yes
