start=1398.230167
volume=60.000000
fullscreen=yes
