start=1329.537867
volume=70.000000
fullscreen=yes
