start=1327.326000
volume=50.000000
fullscreen=yes
