start=1339.171167
volume=70.000000
