start=204.329122
volume=19.000000
