start=1314.522000
pause=yes
volume=75.000000
