start=1398.397000
volume=45.000000
fullscreen=yes
