start=1396.311589
volume=55.000000
fullscreen=yes
