start=1349.853233
volume=80.000000
