start=1271.520256
volume=70.000000
