start=1354.186167
volume=45.000000
fullscreen=yes
