start=1297.546256
volume=45.000000
fullscreen=yes
