start=4.295956
pause=yes
volume=45.000000
