start=1341.344733
volume=70.000000
