start=1346.474844
volume=80.000000
