start=1244.372844
volume=85.000000
