start=1397.979922
volume=45.000000
fullscreen=yes
