start=1349.561267
volume=47.000000
