start=1347.100467
volume=80.000000
fullscreen=yes
