start=1387.219167
volume=50.000000
fullscreen=yes
