start=1359.358000
volume=50.000000
fullscreen=yes
