start=1290.497000
volume=90.000000
