start=1352.314022
volume=60.000000
