start=1333.169900
volume=65.000000
