start=1338.795000
volume=110.000000
