start=1440.533778
volume=40.000000
fullscreen=yes
