start=1323.739089
volume=60.000000
fullscreen=yes
