start=1357.981622
volume=50.000000
fullscreen=yes
