start=1393.058333
volume=50.000000
fullscreen=yes
