start=1391.932211
volume=50.000000
fullscreen=yes
