start=1439.938500
volume=55.000000
fullscreen=yes
