start=1400.065333
volume=45.000000
fullscreen=yes
