start=1318.108456
volume=45.000000
fullscreen=yes
