start=1357.022333
volume=60.000000
fullscreen=yes
