start=1350.687400
volume=72.000000
