start=1391.473422
volume=55.000000
fullscreen=yes
