start=1440.397292
pause=yes
volume=50.000000
