start=1348.435144
volume=85.000000
