start=1266.890622
volume=70.000000
