start=1358.148456
volume=40.000000
fullscreen=yes
