start=1358.190167
volume=55.000000
fullscreen=yes
