start=1330.558878
volume=95.000000
fullscreen=yes
