start=1372.579544
volume=50.000000
fullscreen=yes
