start=1157.536111
volume=90.000000
