start=1398.563833
volume=55.000000
fullscreen=yes
