start=1443.066625
volume=75.000000
fullscreen=yes
