start=1358.023333
volume=35.000000
fullscreen=yes
