start=1326.908922
volume=50.000000
fullscreen=yes
