start=1344.556267
volume=65.000000
