start=1333.728711
pause=yes
volume=70.000000
