start=1261.760500
volume=50.000000
