start=1328.999056
volume=95.000000
