start=1358.273589
volume=35.000000
fullscreen=yes
