start=1356.940278
volume=55.000000
fullscreen=yes
