start=1441.419622
volume=60.000000
fullscreen=yes
