start=1343.513556
volume=87.000000
