start=6.074000
pause=yes
sub-delay=-0.400000
