start=1391.723667
volume=65.000000
fullscreen=yes
