start=1337.507556
volume=90.000000
