start=1327.743089
volume=55.000000
fullscreen=yes
