start=1345.385000
volume=83.000000
sid=no
