start=1364.701400
volume=60.000000
